yabad,yabassi,yabelo,yablanitsa,yablochnyy,yablonovskiy,yablunytsya,yabrud,yabucoa,yachihuacaltepec,yachimata,yacimiento rio turbio,yacopi,yacuanquer,yacuiba,yadgir,yadkinville,yadrin,yafo,yafran,yaglidere,yago,yagodnoye,yagoua,yaguachi,yaguajay,yaguara,yaguaron,yaguate,yagunovskiy,yahotyn,yahualica,yahyali,yairipok,yaita,yaiza,yaizu,yajalon,yajiwa,yakakent,yakeshi,yakhroma,yakima,yakimovo,yako,yakoruda,yakou,yakovlevka,yakovlevo,yakovlevskoye,yaksatovo,yakuplu,yakutsk,yakymivka,yala,yala,yalaguina,yalakdere,yale,yali,yalihuyuk,yalizava,yalkhoy-mokhk,yallahs,yalova,yalta,yalta,yalutorovsk,yalvac,yam,yamada,yamaga,yamagata-shi,yamaguchi-shi,yamanto,yamasa,yamasaki,yambio,yambol,yamethin,yamnytsya,yamoto,yamoussoukro,yampil,yamrat,yamunanagar,yanacancha,yanagawa,yanagawa,yanahuanca,yanai,yanam,yanamalakuduru,yanaoca,yanaul,yanbu al bahr,yanceyville,yancheng,yanchep,yanda bayo,yandev,yandyki,yang talat,yanga,yangambi,yangchun,yangcun,yangezhuang,yanggok,yanggu,yanggu,yanghou,yangi qalah,yangiobod,yangiqorgon,yangirabot,yangiyer,yangiyul,yangjiang,yangjiapo,yangjinzhuang,yangju,yangliuqing,yangpyong,yangquan,yangsan,yangshuo,yangzhong,yangzhou,yaniklar,yanino vtoroye,yanisyarvi,yanji,yanjiang,yankton,yanliang,yanqul,yantai,yantal,yantarnyy,yantian,yantikovo,yantongshan,yantzaza,yanzhou,yao,yaonahuac,yaounde,yapak,yapeyu,yaphank,yaprakli,yar,yar-sale,yara,yarada,yaransk,yardimli,yardley,yardville,yarega,yaremche,yarensk,yarim,yaring,yaritagua,yarkovo,yarkovo,yarma,yarmolyntsi,yarmouth,yarmouth,yarmouth,yarmouth port,yarnton,yaroslavl,yaroslavskaya,yaroslavskiy,yarovoye,yarqa,yarrawonga,yartsevo,yarumal,yarumela,yasenskaya,yashalta,yashan,yashikera,yashio-shi,yashiro,yashkino,yashkul,yasid,yasinovataya,yasinya,yasnaya polyana,yasnogorsk,yasnyy,yasothon,yasu,yasugi,yatagan,yataity calle,yate,yateley,yatma,yatou,yatova,yatsuo,yatsushiro,yatton,yauco,yautepec,yauya,yaval,yavaros,yavas,yavatmal,yavlenka,yavne,yavneel,yavoriv,yavuzeli,yawata,yaxley,yaya,yayas de viajama,yayladagi,yayladere,yaypan,yayva,yazd,yazihan,yazman mandi,yazoo city,yazykovo,yazykovo,ybbs an der donau,ybycui,ydes,yeadon,yeadon,yebaishou,yeban,yecapixtla,yecla,yecuatla,yeed,yefremov,yeghegnadzor,yeghvard,yegorlykskaya,yegoryevsk,yehualtepec,yei,yekaterinburg,yekaterinoslavka,yekaterinovka,yekaterinovka,yelabuga,yelahanka,yelan,yelan-koleno,yelan-kolenovskiy,yelandur,yelanskiy,yelatma,yelbarga,yeles,yelets,yelizavetino,yelizavetinskaya,yelizavetinskoye,yelizovo,yelkhovka,yellandu,yellapur,yellow springs,yellowknife,yelm,yelnya,yelovo,yelwa,yemanzhelinka,yemanzhelinsk,yemelyanovo,yemetsk,yemisli,yemva,yen bai,yen vinh,yenagoa,yenakiyeve,yenangyaung,yendi,yengema,yenicaga,yenice,yenicekoy,yenifakili,yenikend,yenikoy,yenikoy,yenipazar,yenisarbademli,yenisehir,yeniseysk,yenne,yenotayevka,yeoju,yeola,yeoncheongun,yeovil,yepes,yepifan,yepocapa,yeppoon,yeranos,yerba buena,yerbabuena,yerbogachen,yerevan,yereymentau,yeri,yerington,yerkoy,yerky,yermakovskoye,yermekeyevo,yermish,yermolayevo,yermolino,yerofey pavlovich,yeroham,yerres,yerseke,yershichi,yershov,yertsevo,yerville,yesan,yesilalan,yesildere,yesilhisar,yesilli,yesilova,yesilyurt,yesilyurt,yessentuki,yessentukskaya,yeste,yetkul,yevlakh,yevpatoriya,yeysk,yffiniac,ygatimi,yhu,yiannouli,yibin,yichang,yicheng,yicheng,yichun,yichun,yigo village,yigou,yilan,yilan,yima,yimnon,yinchuan,yingcheng,yingdu,yingkou,yinglin,yingshang chengguanzhen,yirga alem,yishui,yiwu,yiyang,yizhivtsi,ylane,yli-ii,yliharma,ylikiiminki,ylistaro,ylitornio,ylivieska,ylojarvi,ymittos,ymittos athens,yoakum,yogyakarta,yoichi,yokadouma,yokaichiba,yokkaichi,yoko,yokohama-shi,yokosuka,yokote,yol,yola,yolagzi,yolbasi,yolombo,yoloten,yomju-up,yomou,yomra,yona village,yonago,yonan-up,yondo,yonezawa,yong peng,yong-dong,yongbyon,yongchuan,yongfeng,yonggang-up,yonggwang-up,yongning,yonibana,yonkers,yonmu,yono,yook,yopal,yorba linda,yorii,yorito,york,york,york,york,york,york,york harbor,yorketown,yorkeys knob,yorklyn,yorkshire,yorkton,yorktown,yorktown,yorkville,yorkville,yoro,yorosso,yosemite lakes,yoshida,yoshii,yoshikawa,yoshino-cho,yoshitomi,yoshkar-ola,yotoco,yotsukaido,youghal,youhao,youkaichi,youkounkoun,young,young,young inn,youngstown,youngstown,youngsville,youngtown,youngwood,yountville,youssoufia,yovon,yozgat,ypacarai,ypaejae,ypenburg,ypsilanti,ypsonas,yreka,yrghyz,yssingeaux,ystad,ystalyfera,ytrac,ytre arna,ytre skalevik,ytrebygda,yuanjiang,yuanlin,yuanping,yuba city,yubileyny,yubilyeyny,yubo,yucaipa,yucca valley,yucheng,yuci,yudong,yueyang,yug,yuganets,yugawara,yugo-kamskiy,yugorsk,yujing,yukamenskoye,yukarisalat,yukhary-dashkesan,yukhnov,yuki,yukon,yuksekova,yuktae-dong,yukuhashi,yulee,yuli,yulin,yulin,yuma,yuma,yumaguzino,yumbe,yumbel,yumbing,yumbo,yumurtalik,yunak,yuncheng,yuncler,yuncos,yunfu,yung shue wan,yungay,yunguyo,yuni,yunmeng chengguanzhen,yunquera,yunquera de henares,yunyang,yupiltepeque,yura,yurecuaro,yurga,yurgamysh,yurginskoye,yurimaguas,yurino,yuriria,yurkivka,yurla,yurovka,yurty,yuryev-polskiy,yuryevets,yuryuzan,yuscaran,yushala,yushan,yushan,yushu,yusufeli,yuta,yutan,yuto,yutsa,yuty,yutz,yuvacik,yuxi,yuxia,yuyao,yuza,yuzawa,yuzha,yuzhne,yuzhno-kurilsk,yuzhno-sakhalinsk,yuzhno-sukhokumsk,yuzhnoukrainsk,yuzhnouralsk,yuzhnyy,yuzhnyy,yuzhnyy,yuzhnyy,yuzhnyy-kospashskiy,yuzhou,yverdon-les-bains,yvetot,yvoir,yvonand,yvrac,yzeure